<main>:

89



81
81
00
81
81
c7
00
81
89
c7
89
f7
89
08
b9
00
89
50
c7
89
f7
89
89
89
c7
89
07
c1
c1
89
81
89
89
00
81
89
c7
89
47
b9
00
21
89
81
89
89
00
81
89
c7
89
0f
c1
c1
89
81
89
89
00
81
89
c0
89
89
07
c1
c1
c7
89
f7
89
39
94
0f
85
85
b1
c7
89
81
89
89
00
81
89
c7
89
81
89
00
81
89
c0
89
81
89
00
81
89
c0
89
81
89
00
8b
81
81




c1
83
00
c7
89
89
4f
4a

<ax__AX_std_Result__FileMetadata__string__AX_std_is_ok__FileMetadata__string>:

89
81
89
89
89
8b
89
89
81
00
81
89
85
85
8b
c7
c7
89
89
0f
89
c7
89
39
9e
0f
85
85
b0
8d
89
89
c9
89
c7
0f
89
01
8b
c7
89
89
21
c0
89
39
94
0f
89
81


